<<<<<<< HEAD
0 33
1 33
2 33
3 33
4 33
5 33
6 33
7 33
8 37
9 34
10 33
11 33
12 34
13 34
14 34
15 32
16 35
17 35
18 34
19 33
20 34
21 35
22 33
23 32
24 34
25 35
26 35
27 33
28 35
29 36
30 34
31 33
32 33
33 35
34 35
35 33
36 37
37 35
38 34
39 34
40 34
41 34
42 34
43 34
44 32
45 34
46 34
47 35
48 29
49 35
50 36
51 36
52 36
53 36
54 36
55 35
56 31
57 35
58 33
59 36
60 36
61 37
62 37
63 36
64 36
65 34
66 31
67 37
68 36
69 37
70 37
71 37
72 38
73 35
74 33
75 37
76 37
77 36
78 36
79 38
80 37
81 37
82 35
83 38
84 37
85 35
86 38
87 42
88 37
89 36
90 37
91 38
92 38
93 36
94 39
95 42
96 38
97 41
98 39
99 38
100 38
101 37
102 37
103 41
104 43
105 40
106 37
107 36
108 38
109 29
110 40
111 40
112 39
113 36
114 39
115 38
116 33
117 33
118 39
119 40
120 39
121 37
122 35
123 42
124 31
125 32
126 33
127 40
128 38
129 34
130 24
131 40
132 35
133 39
134 25
135 36
136 36
137 36
138 28
139 36
140 23
141 39
142 29
143 34
144 35
145 34
146 37
147 38
148 20
149 35
150 35
151 33
152 33
153 36
154 28
155 39
156 29
157 29
158 29
159 29
160 36
161 30
162 30
163 33
164 33
165 29
166 34
167 25
168 25
169 36
170 28
171 30
172 38
173 32
174 34
175 28
176 27
177 31
178 31
179 31
180 31
181 31
182 31
183 31
184 31
185 31
186 30
187 27
188 25
189 32
190 32
191 27
192 31
193 31
194 33
195 33
196 33
197 33
198 32
199 32
200 33
201 33
202 34
203 33
204 35
205 35
206 39
207 31
208 32
209 34
210 32
211 37
212 36
213 35
214 37
215 34
216 37
217 36
218 37
219 37
220 36
221 35
222 41
223 43
224 38
225 40
226 40
227 42
228 40
229 40
230 47
231 43
232 43
233 43
234 48
235 48
236 45
237 42
238 52
239 44
240 47
241 47
242 47
243 54
244 54
245 54
246 54
247 54
248 47
249 56
250 52
251 51
252 53
253 56
254 61
255 58
256 52
257 56
258 59
259 53
260 60
261 60
262 66
263 61
264 58
265 58
266 63
267 56
268 59
269 59
270 59
271 59
272 61
273 60
274 70
275 52
276 54
277 54
278 54
279 54
280 59
281 59
282 66
283 58
284 58
285 58
286 49
287 49
288 49
289 50
290 50
291 54
292 53
293 59
294 59
295 55
296 55
297 55
298 55
299 55
300 55
301 55
302 61
303 57
304 55
305 57
306 57
307 55
308 55
309 58
310 59
311 58
312 58
313 58
314 61
315 57
316 55
317 57
318 60
319 58
320 58
321 58
322 61
323 58
324 57
325 57
326 58
327 60
328 60
329 59
330 60
331 59
332 60
333 57
334 58
335 61
336 59
337 58
338 60
339 59
340 61
341 60
342 60
343 59
344 59
345 59
346 59
347 60
348 60
349 60
350 61
351 58
352 59
353 62
354 60
355 61
356 62
357 58
358 62
359 59
360 58
361 63
362 63
363 63
364 61
365 59
366 63
367 63
368 60
369 63
370 65
371 68
372 60
373 62
374 61
375 63
376 64
377 64
378 66
379 66
380 64
381 63
382 59
383 62
384 64
385 65
386 65
387 65
388 64
389 64
390 61
391 63
392 63
393 65
394 61
395 64
396 64
397 66
398 63
399 63
400 64
401 65
402 61
403 61
404 61
405 61
406 61
407 61
408 61
409 61
410 59
411 60
412 62
413 62
414 61
415 60
416 61
417 61
418 61
419 57
420 59
421 59
422 60
423 60
424 60
425 60
426 57
427 56
428 60
429 58
430 57
431 56
432 53
433 59
434 55
435 57
436 56
437 56
438 56
439 53
440 53
441 57
442 57
443 54
444 53
445 55
446 56
447 55
448 55
449 55
450 55
451 53
452 53
453 55
454 55
455 55
456 50
457 50
458 55
459 54
460 54
461 49
462 54
463 54
464 49
465 49
466 49
467 49
468 49
469 52
470 53
471 56
472 47
473 51
474 48
475 49
476 46
477 47
478 48
479 48
480 48
481 48
482 48
483 45
484 49
485 47
486 48
487 48
488 44
489 43
490 43
491 47
492 47
493 47
494 48
495 48
496 45
497 44
498 41
499 45
500 46
501 66
502 66
503 65
504 65
505 65
506 65
507 65
508 65
509 58
510 83
511 70
512 70
513 70
514 70
515 70
516 69
517 69
518 71
519 72
520 73
521 70
522 70
523 80
524 69
525 69
526 69
527 75
528 73
529 78
530 75
531 76
532 73
533 71
534 71
535 71
536 71
537 64
538 58
539 80
540 80
541 80
542 80
543 80
544 74
545 74
546 74
547 73
548 70
549 80
550 76
551 57
552 77
553 77
554 77
555 77
556 77
557 77
558 77
559 77
560 70
561 72
562 80
563 76
564 78
565 78
566 72
567 62
568 57
569 76
570 75
571 76
572 76
573 71
574 76
575 76
576 76
577 66
578 65
579 74
580 73
581 73
582 73
583 74
584 57
585 75
586 55
587 70
588 70
589 60
590 76
591 69
592 63
593 72
594 72
595 68
596 68
597 63
598 60
599 71
600 71
601 74
602 61
603 70
604 81
605 64
606 59
607 66
608 58
609 72
610 72
611 72
612 72
613 72
614 72
615 57
616 73
617 72
618 68
619 76
620 76
621 76
622 69
623 65
624 71
625 71
626 79
627 79
628 78
629 74
630 70
631 74
632 73
633 59
634 73
635 71
636 71
637 71
638 71
639 64
640 75
641 69
642 57
643 77
644 61
645 52
646 71
647 59
648 65
649 71
650 71
651 69
652 60
653 60
654 71
655 71
656 71
657 57
658 65
659 65
660 70
661 70
662 70
663 63
664 74
665 72
666 70
667 64
668 64
669 64
670 64
671 64
672 80
673 76
674 68
675 67
676 66
677 64
678 63
679 65
680 64
681 60
682 74
683 80
684 67
685 67
686 61
687 61
688 69
689 61
690 50
691 50
692 66
693 70
694 63
695 67
696 54
697 69
698 69
699 78
700 59
701 73
702 64
703 71
704 69
705 69
706 62
707 63
708 83
709 64
710 70
711 67
712 67
713 62
714 68
715 81
716 69
717 73
718 67
719 70
720 70
721 70
722 59
723 59
724 79
725 70
726 77
727 54
728 59
729 78
730 78
731 75
732 70
733 69
734 76
735 55
736 57
737 74
738 72
739 72
740 72
741 76
742 73
743 67
744 64
745 64
746 65
747 65
748 65
749 65
750 65
751 68
752 81
753 70
754 67
755 59
756 65
757 63
758 63
759 63
760 70
761 76
762 69
763 65
764 65
765 65
766 65
767 65
768 65
769 65
770 65
771 60
772 68
773 68
774 68
775 63
776 70
777 63
778 67
779 62
780 66
781 71
782 73
783 73
784 71
785 86
786 75
787 75
788 64
789 64
790 76
791 76
792 66
793 74
794 83
795 67
796 71
797 63
798 65
799 87
800 87
801 71
802 74
803 68
804 54
805 64
806 53
807 69
808 62
809 77
810 77
811 73
812 69
813 66
814 66
815 66
816 66
817 78
818 65
819 73
820 72
821 74
822 74
823 74
824 73
825 61
826 53
827 75
828 72
829 77
830 77
831 67
832 76
833 69
834 63
835 49
836 69
837 69
838 69
839 69
840 69
841 69
842 69
843 59
844 59
845 59
846 59
847 59
848 59
849 59
850 59
851 68
852 75
853 75
854 75
855 76
856 76
857 76
858 68
859 68
860 73
861 76
862 72
863 72
864 72
865 72
866 72
867 72
868 72
869 72
870 72
871 72
872 58
873 83
874 64
875 64
876 58
877 58
878 58
879 79
880 79
881 73
882 71
883 71
884 71
885 71
886 58
887 58
888 73
889 74
890 71
891 72
892 72
893 72
894 72
895 72
896 72
897 72
898 70
899 74
900 73
901 74
902 75
903 74
904 72
905 72
906 71
907 75
908 73
909 73
910 75
911 73
912 73
913 74
914 73
915 75
916 75
917 71
918 77
919 73
920 74
921 75
922 73
923 75
924 76
925 76
926 74
927 77
928 75
929 75
930 73
931 75
932 75
933 75
934 75
935 75
936 75
937 75
938 75
939 75
940 74
941 74
942 68
943 70
944 70
945 71
946 72
947 75
948 72
949 72
950 71
951 71
952 70
953 68
954 71
955 71
956 69
957 69
958 70
959 70
960 73
961 71
962 68
963 70
964 70
965 68
966 68
967 65
968 65
969 65
970 70
971 70
972 70
973 63
974 64
975 64
976 64
977 64
978 64
979 64
980 69
981 63
982 61
983 66
984 64
985 64
986 60
987 64
988 65
989 61
990 63
991 62
992 62
993 65
994 62
995 63
996 63
997 64
998 62
999 62
1000 62
1001 61
1002 63
1003 63
1004 64
1005 56
1006 62
1007 61
1008 63
1009 61
1010 63
1011 63
1012 62
1013 60
1014 60
1015 61
1016 61
1017 54
1018 49
1019 49
1020 59
1021 59
1022 59
1023 59
1024 60
1025 60
1026 60
1027 49
1028 55
1029 57
1030 62
1031 60
1032 59
1033 59
1034 59
1035 56
1036 56
1037 56
1038 67
1039 56
1040 56
1041 56
1042 70
1043 60
1044 66
1045 61
1046 61
1047 62
1048 68
1049 56
1050 72
1051 64
1052 65
1053 65
1054 61
1055 61
1056 69
1057 51
1058 67
1059 58
1060 51
1061 51
1062 58
1063 63
1064 59
1065 59
1066 64
1067 68
1068 57
1069 57
1070 57
1071 57
1072 57
1073 57
1074 57
1075 76
1076 76
1077 76
1078 76
1079 51
1080 51
1081 72
1082 55
1083 55
1084 81
1085 81
1086 81
1087 81
1088 81
1089 81
1090 81
1091 48
1092 65
1093 72
1094 73
1095 73
1096 88
1097 78
1098 78
1099 78
1100 63
1101 67
1102 72
1103 72
1104 79
1105 79
1106 79
1107 79
1108 70
1109 66
1110 70
1111 73
1112 78
1113 77
1114 77
1115 77
1116 75
1117 70
1118 73
1119 72
1120 75
1121 76
1122 75
1123 76
1124 75
1125 75
1126 73
1127 74
1128 75
1129 75
1130 75
1131 75
1132 73
1133 78
1134 73
1135 75
1136 75
1137 77
1138 72
1139 70
1140 78
1141 78
1142 75
1143 72
1144 75
1145 76
1146 74
1147 73
1148 78
1149 78
1150 75
1151 76
1152 75
1153 74
1154 74
1155 74
1156 74
1157 74
1158 75
1159 74
1160 74
1161 74
1162 74
1163 73
1164 71
1165 74
1166 73
1167 68
1168 68
1169 68
1170 75
1171 70
1172 73
1173 73
1174 71
1175 70
1176 69
1177 66
1178 72
1179 70
1180 71
1181 71
1182 73
1183 66
1184 66
1185 67
1186 69
1187 66
1188 66
1189 66
1190 70
1191 62
1192 62
1193 68
1194 68
1195 68
1196 67
1197 67
1198 67
1199 65
1200 64
1201 61
1202 61
1203 61
1204 61
1205 61
1206 61
1207 61
1208 63
1209 57
1210 60
1211 57
1212 60
1213 59
1214 57
1215 57
1216 63
1217 60
1218 60
1219 60
1220 54
1221 55
1222 57
1223 52
1224 52
1225 68
1226 60
1227 60
1228 51
1229 53
1230 48
1231 46
1232 46
1233 53
1234 55
1235 52
1236 45
1237 57
1238 54
1239 48
1240 48
1241 55
1242 60
1243 60
1244 55
1245 56
1246 60
1247 51
1248 64
1249 62
1250 62
1251 60
1252 56
1253 56
1254 58
1255 55
1256 65
1257 77
1258 70
1259 58
1260 60
1261 58
1262 51
1263 54
1264 73
1265 71
1266 71
1267 64
1268 77
1269 59
1270 61
1271 59
1272 43
1273 68
1274 55
1275 68
1276 49
1277 49
1278 49
1279 60
1280 54
1281 60
1282 60
1283 60
1284 56
1285 56
1286 45
1287 45
1288 56
1289 42
1290 51
1291 51
1292 77
1293 58
1294 56
1295 56
1296 63
1297 53
1298 60
1299 60
1300 61
1301 67
1302 58
1303 59
1304 71
1305 59
1306 74
1307 65
1308 50
1309 64
1310 63
1311 63
1312 60
1313 79
1314 79
1315 74
1316 60
1317 73
1318 65
1319 66
1320 85
1321 71
1322 61
1323 83
1324 67
1325 78
1326 78
1327 78
1328 79
1329 68
1330 68
1331 68
1332 70
1333 70
1334 78
1335 66
1336 73
1337 76
1338 77
1339 72
1340 70
1341 74
1342 74
1343 84
1344 66
1345 71
1346 71
1347 80
1348 64
1349 74
1350 74
1351 74
1352 75
1353 78
1354 72
1355 76
1356 70
1357 63
1358 78
1359 66
1360 50
1361 78
1362 73
1363 72
1364 75
1365 71
1366 75
1367 67
1368 60
1369 60
1370 72
1371 77
1372 59
1373 59
1374 59
1375 75
1376 59
1377 62
1378 62
1379 54
1380 61
1381 61
1382 61
1383 61
1384 61
1385 68
1386 55
1387 71
1388 60
1389 69
1390 69
1391 69
1392 62
1393 66
1394 53
1395 67
1396 79
1397 79
1398 56
1399 69
1400 63
1401 63
1402 74
1403 66
1404 66
1405 73
1406 50
1407 71
1408 60
1409 60
1410 75
1411 60
1412 69
1413 71
1414 96
1415 79
1416 81
1417 75
1418 76
1419 79
1420 59
1421 59
1422 67
1423 66
1424 66
1425 66
1426 66
1427 66
1428 66
1429 71
1430 71
1431 71
1432 65
1433 64
1434 68
1435 68
1436 68
1437 68
1438 68
1439 68
1440 68
1441 68
1442 58
1443 73
1444 73
1445 51
1446 51
1447 89
1448 89
1449 60
1450 60
1451 69
1452 64
1453 65
1454 59
1455 71
1456 71
1457 73
1458 64
1459 67
1460 65
1461 69
1462 62
1463 66
1464 68
1465 72
1466 68
1467 69
1468 72
1469 65
1470 68
1471 67
1472 69
1473 69
1474 70
1475 68
1476 74
1477 65
1478 71
1479 68
1480 69
1481 70
1482 69
1483 74
1484 73
1485 70
1486 71
1487 72
1488 71
1489 70
1490 69
1491 71
1492 74
1493 74
1494 70
1495 71
1496 73
1497 70
1498 68
1499 72
1500 72
1501 73
1502 70
1503 73
1504 71
1505 70
1506 66
1507 69
1508 71
1509 71
1510 71
1511 75
1512 69
1513 69
1514 69
1515 67
1516 67
1517 67
1518 66
1519 66
1520 66
1521 66
1522 66
1523 65
1524 64
1525 64
1526 69
1527 69
1528 69
1529 69
1530 65
1531 66
1532 65
1533 65
1534 68
1535 65
1536 68
1537 69
1538 61
1539 61
1540 62
1541 62
1542 62
1543 66
1544 63
1545 63
1546 63
1547 63
1548 63
1549 63
1550 63
1551 64
1552 63
1553 62
1554 63
1555 57
1556 60
1557 60
1558 60
1559 60
1560 63
1561 62
1562 62
1563 59
1564 59
1565 56
1566 56
1567 56
1568 61
1569 61
1570 62
1571 62
1572 62
1573 62
1574 55
1575 56
1576 57
1577 57
1578 55
1579 59
1580 61
1581 61
1582 58
1583 56
1584 56
1585 55
1586 57
1587 54
1588 60
1589 60
1590 56
1591 56
1592 57
1593 53
1594 56
1595 56
1596 58
1597 59
1598 53
1599 55
1600 57
1601 56
1602 52
1603 55
1604 58
1605 57
1606 53
1607 50
1608 54
1609 51
1610 53
1611 55
1612 52
1613 57
1614 56
1615 51
1616 51
1617 52
1618 56
1619 53
1620 52
1621 45
1622 46
1623 50
1624 56
1625 53
1626 56
1627 56
1628 56
1629 56
1630 56
1631 50
1632 56
1633 58
1634 57
1635 55
1636 57
1637 56
1638 60
1639 60
1640 60
1641 58
1642 58
1643 64
1644 64
1645 56
1646 60
1647 61
1648 64
1649 59
1650 60
1651 60
1652 66
1653 57
1654 61
1655 63
1656 63
1657 63
1658 66
1659 62
1660 67
1661 67
1662 62
1663 62
1664 62
1665 69
1666 69
1667 69
1668 69
1669 68
1670 66
1671 65
1672 69
1673 72
1674 69
1675 66
1676 72
1677 71
1678 68
1679 68
1680 69
1681 71
1682 75
1683 75
1684 65
1685 65
1686 65
1687 67
1688 67
1689 67
1690 69
1691 69
1692 61
1693 65
1694 65
1695 67
1696 67
1697 62
1698 62
1699 62
1700 64
1701 65
1702 59
1703 65
1704 55
1705 55
1706 56
1707 56
1708 56
1709 56
1710 61
1711 60
1712 59
1713 59
1714 59
1715 48
1716 54
1717 54
1718 54
1719 54
1720 61
1721 69
1722 69
1723 65
1724 57
1725 57
1726 57
1727 55
1728 54
1729 68
1730 71
1731 67
1732 70
1733 60
1734 62
1735 60
1736 58
1737 64
1738 64
1739 65
1740 62
1741 66
1742 63
1743 63
1744 59
1745 71
1746 59
1747 61
1748 64
1749 76
1750 67
1751 68
1752 45
1753 45
1754 66
1755 61
1756 61
1757 70
1758 56
1759 67
1760 39
1761 54
1762 59
1763 55
1764 55
1765 66
1766 55
1767 61
1768 60
1769 43
1770 54
1771 55
1772 64
1773 60
1774 55
1775 68
1776 62
1777 51
1778 72
1779 72
1780 52
1781 52
1782 52
1783 57
1784 57
1785 58
1786 70
1787 65
1788 89
1789 68
1790 68
1791 60
1792 65
1793 65
1794 63
1795 53
1796 77
1797 66
1798 69
1799 69
1800 72
1801 59
1802 67
1803 67
1804 76
1805 69
1806 69
1807 69
1808 77
1809 77
1810 77
1811 77
1812 77
1813 70
1814 68
1815 68
1816 73
1817 60
1818 72
1819 86
1820 78
1821 74
1822 74
1823 70
1824 70
1825 75
1826 67
1827 78
1828 64
1829 62
1830 75
1831 74
1832 74
1833 74
1834 74
1835 73
1836 76
1837 69
1838 76
1839 71
1840 83
1841 80
1842 61
1843 80
1844 57
1845 78
1846 78
1847 78
1848 79
1849 79
1850 71
1851 71
1852 64
1853 64
1854 64
1855 64
1856 64
1857 64
1858 74
1859 75
1860 75
1861 67
1862 66
1863 67
1864 64
1865 66
1866 69
1867 69
1868 75
1869 69
1870 67
1871 69
1872 65
1873 69
1874 68
1875 68
1876 74
1877 74
1878 70
1879 69
1880 67
1881 68
1882 70
1883 71
1884 74
1885 73
1886 72
1887 72
1888 72
1889 69
1890 71
1891 71
1892 73
1893 73
1894 73
1895 72
1896 73
1897 73
1898 71
1899 67
1900 67
1901 71
1902 70
1903 70
1904 70
1905 70
1906 70
1907 67
1908 64
1909 67
1910 68
1911 67
1912 71
1913 70
1914 70
1915 68
1916 63
1917 67
1918 67
1919 68
1920 66
1921 69
1922 69
1923 69
1924 69
1925 66
1926 66
1927 68
1928 68
1929 69
1930 68
1931 66
1932 68
1933 63
1934 67
1935 63
1936 64
1937 68
1938 68
1939 68
1940 68
1941 65
1942 68
1943 68
1944 64
1945 64
1946 65
1947 65
1948 64
1949 61
1950 66
1951 63
1952 63
1953 63
1954 64
1955 61
1956 64
1957 64
1958 60
1959 64
1960 63
1961 63
1962 63
1963 62
1964 64
1965 65
1966 65
1967 61
1968 61
1969 61
1970 63
1971 63
1972 63
1973 64
1974 58
1975 58
1976 61
1977 61
1978 56
1979 61
1980 58
1981 64
1982 54
1983 53
1984 56
1985 56
1986 56
1987 57
1988 57
1989 61
1990 58
1991 56
1992 56
1993 57
1994 52
1995 52
1996 57
1997 56
1998 58
1999 55
=======
0 38
1 38
2 38
3 38
4 38
5 38
6 38
7 38
8 38
9 38
10 38
11 38
12 37
13 38
14 38
15 38
16 39
17 39
18 38
19 38
20 38
21 37
22 38
23 39
24 39
25 38
26 39
27 39
28 38
29 35
30 41
31 40
32 32
33 38
34 38
35 40
36 38
37 37
38 39
39 37
40 36
41 37
42 35
43 38
44 38
45 37
46 39
47 39
48 38
49 37
50 35
51 35
52 37
53 37
54 37
55 39
56 39
57 38
58 37
59 35
60 36
61 36
62 36
63 35
64 38
65 39
66 39
67 39
68 37
69 36
70 37
71 37
72 37
73 37
74 41
75 41
76 38
77 37
78 38
79 37
80 38
81 37
82 39
83 43
84 39
85 38
86 37
87 38
88 39
89 37
90 39
91 41
92 39
93 39
94 38
95 39
96 40
97 38
98 40
99 37
100 39
101 39
102 40
103 36
104 40
105 39
106 39
107 38
108 37
109 41
110 38
111 38
112 38
113 41
114 41
115 41
116 36
117 42
118 38
119 39
120 39
121 40
122 40
123 42
124 38
125 40
126 41
127 39
128 39
129 36
130 40
131 41
132 39
133 40
134 41
135 40
136 38
137 40
138 41
139 40
140 43
141 40
142 40
143 41
144 38
145 36
146 39
147 38
148 38
149 41
150 40
151 40
152 40
153 34
154 39
155 38
156 37
157 39
158 33
159 38
160 38
161 38
162 32
163 34
164 39
165 39
166 39
167 37
168 42
169 33
170 33
171 33
172 40
173 40
174 39
175 39
176 39
177 39
178 39
179 35
180 32
181 39
182 42
183 38
184 36
185 39
186 38
187 35
188 35
189 35
190 35
191 27
192 33
193 35
194 41
195 36
196 41
197 32
198 37
199 31
200 32
201 35
202 38
203 38
204 38
205 36
206 41
207 41
208 32
209 32
210 38
211 42
212 32
213 32
214 32
215 37
216 38
217 37
218 28
219 40
220 26
221 36
222 26
223 26
224 26
225 26
226 31
227 35
228 28
229 36
230 24
231 25
232 30
233 27
234 30
235 37
236 27
237 33
238 28
239 26
240 26
241 36
242 36
243 36
244 36
245 36
246 36
247 43
248 27
249 38
250 43
251 36
252 34
253 47
254 47
255 42
256 49
257 36
258 51
259 47
260 47
261 43
262 60
263 51
264 44
265 44
266 48
267 53
268 48
269 56
270 61
271 55
272 58
273 55
274 55
275 55
276 52
277 55
278 61
279 65
280 57
281 58
282 56
283 62
284 62
285 56
286 53
287 56
288 60
289 54
290 64
291 51
292 51
293 59
294 59
295 56
296 75
297 75
298 75
299 55
300 43
301 68
302 60
303 60
304 60
305 69
306 69
307 64
308 49
309 66
310 52
311 61
312 58
313 69
314 48
315 63
316 63
317 60
318 59
319 58
320 59
321 59
322 53
323 63
324 64
325 64
326 64
327 52
328 66
329 60
330 66
331 66
332 66
333 63
334 64
335 65
336 63
337 72
338 68
339 72
340 57
341 67
342 74
343 74
344 74
345 74
346 74
347 74
348 68
349 66
350 52
351 76
352 76
353 76
354 74
355 74
356 72
357 67
358 67
359 66
360 82
361 70
362 75
363 75
364 75
365 75
366 75
367 63
368 63
369 63
370 76
371 76
372 76
373 76
374 76
375 76
376 76
377 76
378 76
379 69
380 75
381 79
382 68
383 81
384 81
385 81
386 81
387 81
388 81
389 81
390 81
391 69
392 81
393 73
394 73
395 77
396 64
397 81
398 82
399 85
400 76
401 70
402 82
403 92
404 55
405 76
406 76
407 76
408 76
409 55
410 84
411 75
412 65
413 71
414 67
415 76
416 86
417 77
418 77
419 67
420 69
421 69
422 80
423 75
424 75
425 75
426 75
427 75
428 75
429 69
430 71
431 75
432 66
433 76
434 76
435 76
436 76
437 76
438 76
439 68
440 82
441 72
442 75
443 72
444 86
445 86
446 86
447 86
448 86
449 75
450 47
451 66
452 66
453 84
454 84
455 84
456 77
457 77
458 77
459 77
460 77
461 77
462 77
463 77
464 77
465 77
466 77
467 77
468 77
469 66
470 78
471 78
472 99
473 75
474 75
475 71
476 71
477 57
478 80
479 80
480 80
481 80
482 80
483 80
484 76
485 55
486 97
487 97
488 78
489 82
490 82
491 82
492 82
493 82
494 82
495 82
496 82
497 82
498 82
499 82
500 68
501 68
502 68
503 47
504 81
505 81
506 81
507 81
508 60
509 72
510 77
511 60
512 60
513 77
514 80
515 79
516 50
517 50
518 50
519 50
520 50
521 50
522 50
523 69
524 63
525 63
526 63
527 63
528 62
529 62
530 62
531 62
532 62
533 62
534 62
535 62
536 64
537 64
538 64
539 64
540 64
541 64
542 64
543 64
544 64
545 64
546 64
547 64
548 59
549 63
550 69
551 69
552 64
553 61
554 63
555 65
556 65
557 65
558 66
559 69
560 69
561 62
562 72
563 72
564 66
565 67
566 71
567 67
568 62
569 57
570 57
571 57
572 57
573 57
574 57
575 66
576 66
577 61
578 58
579 51
580 51
581 51
582 51
583 53
584 63
585 54
586 53
587 53
588 55
589 55
590 54
591 49
592 49
593 57
594 49
595 51
596 53
597 54
598 54
599 42
600 42
601 42
602 49
603 53
604 53
605 55
606 57
607 50
608 43
609 46
610 44
611 51
612 55
613 59
614 49
615 60
616 51
617 47
618 45
619 48
620 57
621 56
622 51
623 59
624 55
625 51
626 51
627 55
628 56
629 56
630 68
631 60
632 56
633 59
634 51
635 55
636 54
637 56
638 68
639 54
640 59
641 67
642 64
643 62
644 64
645 58
646 64
647 75
648 59
649 62
650 65
651 67
652 62
653 62
654 62
655 59
656 59
657 60
658 81
659 48
660 69
661 70
662 76
663 60
664 64
665 64
666 69
667 57
668 63
669 68
670 74
671 76
672 76
673 76
674 68
675 80
676 80
677 63
678 63
679 63
680 63
681 67
682 67
683 63
684 69
685 63
686 66
687 65
688 67
689 65
690 71
691 65
692 67
693 65
694 66
695 65
696 66
697 66
698 68
699 67
700 66
701 66
702 64
703 65
704 67
705 66
706 70
707 72
708 67
709 66
710 65
711 66
712 66
713 67
714 67
715 71
716 73
717 68
718 63
719 67
720 66
721 69
722 66
723 69
724 71
725 69
726 66
727 68
728 65
729 69
730 67
731 69
732 66
733 66
734 66
735 66
736 66
737 66
738 66
739 66
740 64
741 64
742 65
743 65
744 62
745 62
746 62
747 62
748 54
749 59
750 60
751 67
752 64
753 64
754 61
755 61
756 61
757 61
758 61
759 61
760 50
761 59
762 62
763 65
764 61
765 54
766 60
767 60
768 60
769 56
770 56
771 55
772 60
773 58
774 50
775 55
776 57
777 57
778 50
779 50
780 61
781 48
782 50
783 48
784 56
785 59
786 49
787 52
788 57
789 57
790 52
791 45
792 48
793 53
794 53
795 54
796 55
797 55
798 53
799 51
800 48
801 51
802 51
803 58
804 58
805 57
806 60
807 56
808 51
809 50
810 53
811 63
812 58
813 57
814 60
815 56
816 63
817 63
818 63
819 63
820 63
821 56
822 60
823 61
824 60
825 60
826 60
827 60
828 65
829 61
830 60
831 60
832 57
833 58
834 64
835 61
836 58
837 61
838 61
839 61
840 58
841 54
842 62
843 60
844 60
845 58
846 58
847 58
848 62
849 49
850 58
851 58
852 58
853 59
854 59
855 61
856 61
857 56
858 61
859 61
860 61
861 58
862 58
863 58
864 58
865 58
866 58
867 58
868 68
869 52
870 61
871 61
872 61
873 72
874 72
875 72
876 65
877 59
878 59
879 59
880 59
881 59
882 70
883 68
884 74
885 65
886 71
887 71
888 65
889 48
890 48
891 48
892 69
893 65
894 69
895 60
896 60
897 60
898 66
899 66
900 66
901 66
902 59
903 73
904 73
905 73
906 73
907 73
908 73
909 73
910 73
911 73
912 73
913 73
914 73
915 73
916 73
917 73
918 86
919 60
920 71
921 61
922 61
923 61
924 61
925 61
926 61
927 61
928 56
929 71
930 79
931 79
932 79
933 79
934 79
935 79
936 79
937 79
938 79
939 79
940 76
941 76
942 76
943 76
944 76
945 69
946 82
947 75
948 76
949 76
950 77
951 75
952 77
953 69
954 77
955 77
956 77
957 77
958 77
959 77
960 77
961 66
962 76
963 76
964 79
965 71
966 75
967 79
968 79
969 72
970 73
971 83
972 77
973 77
974 77
975 74
976 77
977 77
978 65
979 79
980 70
981 72
982 72
983 66
984 65
985 69
986 71
987 76
988 76
989 68
990 73
991 62
992 62
993 68
994 61
995 61
996 61
997 66
998 64
999 68
1000 65
1001 65
1002 54
1003 63
1004 58
1005 64
1006 64
1007 60
1008 61
1009 67
1010 60
1011 62
1012 62
1013 62
1014 62
1015 60
1016 54
1017 65
1018 59
1019 61
1020 61
1021 61
1022 62
1023 64
1024 53
1025 58
1026 62
1027 61
1028 62
1029 64
1030 62
1031 66
1032 58
1033 62
1034 54
1035 64
1036 61
1037 63
1038 62
1039 68
1040 62
1041 65
1042 58
1043 60
1044 58
1045 69
1046 62
1047 66
1048 69
1049 64
1050 62
1051 62
1052 59
1053 65
1054 64
1055 83
1056 83
1057 83
1058 64
1059 63
1060 72
1061 62
1062 62
1063 56
1064 74
1065 88
1066 53
1067 53
1068 53
1069 53
1070 53
1071 58
1072 52
1073 52
1074 62
1075 63
1076 63
1077 56
1078 54
1079 57
1080 55
1081 38
1082 50
1083 76
1084 70
1085 64
1086 56
1087 56
1088 60
1089 51
1090 51
1091 71
1092 67
1093 66
1094 61
1095 58
1096 57
1097 69
1098 55
1099 78
1100 65
1101 67
1102 76
1103 60
1104 59
1105 65
1106 65
1107 72
1108 50
1109 70
1110 70
1111 67
1112 67
1113 62
1114 68
1115 60
1116 60
1117 64
1118 64
1119 62
1120 62
1121 62
1122 62
1123 67
1124 67
1125 71
1126 65
1127 72
1128 64
1129 64
1130 62
1131 73
1132 73
1133 76
1134 76
1135 63
1136 69
1137 44
1138 58
1139 74
1140 74
1141 72
1142 74
1143 73
1144 65
1145 61
1146 57
1147 66
1148 69
1149 63
1150 69
1151 69
1152 71
1153 93
1154 62
1155 62
1156 73
1157 65
1158 69
1159 66
1160 81
1161 81
1162 71
1163 55
1164 82
1165 69
1166 58
1167 58
1168 58
1169 80
1170 80
1171 61
1172 58
1173 69
1174 69
1175 69
1176 72
1177 72
1178 72
1179 73
1180 91
1181 76
1182 68
1183 80
1184 80
1185 72
1186 80
1187 70
1188 68
1189 68
1190 60
1191 77
1192 71
1193 71
1194 71
1195 81
1196 70
1197 65
1198 65
1199 70
1200 68
1201 70
1202 70
1203 70
1204 69
1205 69
1206 66
1207 69
1208 67
1209 69
1210 72
1211 69
1212 69
1213 71
1214 67
1215 68
1216 70
1217 71
1218 70
1219 70
1220 69
1221 69
1222 70
1223 70
1224 69
1225 71
1226 73
1227 68
1228 72
1229 72
1230 68
1231 69
1232 69
1233 65
1234 75
1235 71
1236 70
1237 75
1238 61
1239 63
1240 66
1241 69
1242 74
1243 74
1244 70
1245 62
1246 67
1247 71
1248 48
1249 78
1250 73
1251 73
1252 73
1253 74
1254 60
1255 70
1256 62
1257 67
1258 67
1259 58
1260 76
1261 69
1262 65
1263 52
1264 66
1265 73
1266 65
1267 65
1268 65
1269 58
1270 67
1271 63
1272 67
1273 72
1274 66
1275 66
1276 66
1277 66
1278 66
1279 66
1280 66
1281 72
1282 72
1283 88
1284 88
1285 74
1286 71
1287 77
1288 71
1289 68
1290 71
1291 71
1292 71
1293 83
1294 73
1295 68
1296 85
1297 69
1298 56
1299 56
1300 55
1301 76
1302 55
1303 55
1304 66
1305 65
1306 67
1307 69
1308 69
1309 74
1310 62
1311 62
1312 53
1313 63
1314 66
1315 51
1316 69
1317 68
1318 67
1319 67
1320 60
1321 60
1322 60
1323 65
1324 63
1325 67
1326 66
1327 68
1328 68
1329 68
1330 64
1331 80
1332 63
1333 63
1334 63
1335 63
1336 63
1337 74
1338 74
1339 74
1340 59
1341 59
1342 59
1343 59
1344 59
1345 59
1346 49
1347 70
1348 83
1349 47
1350 58
1351 62
1352 62
1353 62
1354 62
1355 62
1356 62
1357 62
1358 57
1359 73
1360 73
1361 81
1362 54
1363 54
1364 54
1365 58
1366 58
1367 90
1368 84
1369 75
1370 66
1371 66
1372 66
1373 64
1374 64
1375 73
1376 73
1377 76
1378 76
1379 76
1380 74
1381 74
1382 74
1383 74
1384 74
1385 74
1386 74
1387 81
1388 81
1389 72
1390 88
1391 84
1392 78
1393 78
1394 78
1395 78
1396 78
1397 78
1398 78
1399 78
1400 78
1401 78
1402 78
1403 78
1404 92
1405 78
1406 78
1407 78
1408 78
1409 78
1410 72
1411 72
1412 72
1413 79
1414 79
1415 79
1416 79
1417 79
1418 79
1419 79
1420 79
1421 72
1422 72
1423 87
1424 87
1425 78
1426 78
1427 78
1428 78
1429 70
1430 69
1431 69
1432 55
1433 65
1434 69
1435 88
1436 88
1437 88
1438 88
1439 88
1440 61
1441 61
1442 65
1443 65
1444 67
1445 80
1446 88
1447 85
1448 56
1449 67
1450 67
1451 67
1452 61
1453 50
1454 76
1455 76
1456 76
1457 76
1458 76
1459 76
1460 76
1461 76
1462 76
1463 76
1464 76
1465 76
1466 76
1467 76
1468 76
1469 76
1470 76
1471 76
1472 76
1473 76
1474 76
1475 76
1476 76
1477 76
1478 73
1479 73
1480 73
1481 73
1482 82
1483 82
1484 82
1485 82
1486 82
1487 82
1488 82
1489 55
1490 49
1491 65
1492 65
1493 87
1494 87
1495 87
1496 62
1497 72
1498 69
1499 49
1500 49
1501 49
1502 56
1503 56
1504 56
1505 56
1506 56
1507 56
1508 56
1509 56
1510 56
1511 56
1512 56
1513 56
1514 56
1515 56
1516 56
1517 56
1518 59
1519 59
1520 59
1521 56
1522 53
1523 61
1524 61
1525 58
1526 58
1527 69
1528 61
1529 61
1530 63
1531 61
1532 61
1533 61
1534 61
1535 61
1536 61
1537 81
1538 81
1539 62
1540 62
1541 62
1542 62
1543 62
1544 67
1545 82
1546 75
1547 68
1548 64
1549 65
1550 63
1551 63
1552 64
1553 77
1554 73
1555 73
1556 63
1557 66
1558 65
1559 66
1560 65
1561 70
1562 72
1563 73
1564 68
1565 67
1566 68
1567 65
1568 66
1569 70
1570 71
1571 75
1572 71
1573 68
1574 65
1575 67
1576 68
1577 68
1578 70
1579 70
1580 70
1581 70
1582 68
1583 67
1584 68
1585 67
1586 68
1587 69
1588 66
1589 64
1590 68
1591 67
1592 69
1593 70
1594 72
1595 68
1596 66
1597 68
1598 63
1599 66
1600 66
1601 66
1602 66
1603 66
1604 66
1605 66
1606 64
1607 65
1608 66
1609 66
1610 65
1611 65
1612 64
1613 63
1614 63
1615 65
1616 66
1617 66
1618 65
1619 65
1620 63
1621 63
1622 63
1623 64
1624 65
1625 64
1626 61
1627 64
1628 63
1629 63
1630 64
1631 60
1632 60
1633 64
1634 59
1635 59
1636 61
1637 64
1638 64
1639 61
1640 61
1641 63
1642 58
1643 59
1644 60
1645 58
1646 58
1647 63
1648 58
1649 63
1650 55
1651 56
1652 56
1653 56
1654 55
1655 60
1656 60
1657 59
1658 59
1659 57
1660 53
1661 54
1662 56
1663 57
1664 55
1665 58
1666 58
1667 58
1668 55
1669 50
1670 54
1671 56
1672 57
1673 56
1674 56
1675 57
1676 50
1677 50
1678 51
1679 48
1680 55
1681 57
1682 56
1683 56
1684 54
1685 51
1686 52
1687 52
1688 55
1689 52
1690 47
1691 63
1692 57
1693 54
1694 56
1695 56
1696 55
1697 55
1698 46
1699 58
1700 56
1701 57
1702 66
1703 60
1704 60
1705 55
1706 50
1707 55
1708 60
1709 56
1710 57
1711 60
1712 62
1713 55
1714 55
1715 55
1716 60
1717 56
1718 62
1719 64
1720 61
1721 61
1722 71
1723 71
1724 60
1725 59
1726 64
1727 68
1728 73
1729 62
1730 67
1731 68
1732 65
1733 62
1734 60
1735 65
1736 70
1737 70
1738 54
1739 54
1740 62
1741 53
1742 53
1743 53
1744 50
1745 54
1746 52
1747 56
1748 41
1749 41
1750 51
1751 50
1752 54
1753 48
1754 66
1755 66
1756 66
1757 51
1758 52
1759 51
1760 61
1761 61
1762 56
1763 62
1764 67
1765 57
1766 53
1767 60
1768 60
1769 60
1770 63
1771 63
1772 68
1773 59
1774 56
1775 60
1776 61
1777 59
1778 58
1779 62
1780 65
1781 65
1782 65
1783 50
1784 62
1785 62
1786 60
1787 68
1788 58
1789 61
1790 53
1791 41
1792 58
1793 58
1794 62
1795 68
1796 56
1797 67
1798 61
1799 51
1800 53
1801 56
1802 59
1803 75
1804 75
1805 70
1806 70
1807 57
1808 59
1809 59
1810 61
1811 61
1812 61
1813 61
1814 86
1815 86
1816 57
1817 67
1818 65
1819 51
1820 56
1821 51
1822 82
1823 81
1824 81
1825 81
1826 56
1827 46
1828 58
1829 44
1830 44
1831 44
1832 44
1833 44
1834 44
1835 44
1836 58
1837 51
1838 46
1839 50
1840 45
1841 47
1842 55
1843 55
1844 53
1845 53
1846 56
1847 65
1848 65
1849 65
1850 65
1851 58
1852 54
1853 53
1854 61
1855 60
1856 60
1857 67
1858 63
1859 67
1860 56
1861 46
1862 59
1863 56
1864 61
1865 63
1866 65
1867 49
1868 49
1869 53
1870 60
1871 52
1872 50
1873 50
1874 48
1875 57
1876 49
1877 57
1878 57
1879 60
1880 51
1881 51
1882 35
1883 54
1884 46
1885 63
1886 58
1887 54
1888 55
1889 62
1890 45
1891 53
1892 62
1893 58
1894 62
1895 56
1896 56
1897 56
1898 56
1899 70
1900 73
1901 58
1902 64
1903 53
1904 58
1905 57
1906 59
1907 51
1908 63
1909 55
1910 66
1911 58
1912 60
1913 61
1914 64
1915 64
1916 59
1917 55
1918 56
1919 55
1920 56
1921 66
1922 76
1923 66
1924 56
1925 58
1926 57
1927 59
1928 57
1929 63
1930 47
1931 47
1932 72
1933 57
1934 57
1935 72
1936 58
1937 60
1938 60
1939 56
1940 73
1941 59
1942 61
1943 67
1944 67
1945 69
1946 63
1947 62
1948 66
1949 66
1950 65
1951 65
1952 66
1953 55
1954 67
1955 54
1956 69
1957 74
1958 74
1959 67
1960 62
1961 63
1962 62
1963 56
1964 62
1965 69
1966 69
1967 70
1968 53
1969 64
1970 69
1971 65
1972 65
1973 68
1974 65
1975 49
1976 62
1977 64
1978 66
1979 69
1980 66
1981 59
1982 58
1983 75
1984 64
1985 79
1986 70
1987 73
1988 72
1989 62
1990 52
1991 52
1992 69
1993 84
1994 84
1995 70
1996 57
1997 72
1998 58
1999 63
>>>>>>> 37af2a925d566419e8804f8642b2a2a87c39f641
